Node,nearest hospital,Path
0,[2, 10, 5],[[0, 2], [0, 10], [0, 1, 5]]
1,[5, 7, 10],[[1, 5], [1, 7], [1, 10]]
2,[2],[2]
3,[3],[3]
4,[3, 13, 5],[[4, 3], [4, 13], [4, 1, 5]]
5,[5],[5]
6,[5, 7, 10],[[6, 5], [6, 7], [6, 10]]
7,[7],[7]
8,[5, 7, 10],[[8, 5], [8, 1, 7], [8, 1, 10]]
9,[3, 13, 2],[[9, 3], [9, 13], [9, 0, 2]]
10,[10],[10]
11,[10, 2, 10],[[11, 10], [11, 0, 2], [11, 0, 10]]
12,[7, 3, 13],[[12, 7], [12, 4, 3], [12, 4, 13]]
13,[13],[13]
14,[2, 3, 5],[[14, 2], [14, 3], [14, 5]]
15,[3, 7, 10],[[15, 3], [15, 7], [15, 10]]
16,[5, 7, 10],[[16, 1, 5], [16, 1, 7], [16, 1, 10]]
17,[2, 10, 2],[[17, 2], [17, 10], [17, 0, 2]]
18,[2, 3, 5],[[18, 2], [18, 3], [18, 5]]
19,[2, 5, 7],[[19, 2], [19, 5], [19, 7]]
20,[5, 10, 2],[[20, 5], [20, 10], [20, 0, 2]]
21,[3, 10, 5],[[21, 3], [21, 10], [21, 1, 5]]
22,[2, 3, 7],[[22, 2], [22, 3], [22, 7]]
23,[3, 13, 2],[[23, 3], [23, 13], [23, 0, 2]]
24,[2, 3, 10],[[24, 2], [24, 3], [24, 10]]
25,[2, 3, 13],[[25, 2], [25, 3], [25, 13]]
26,[3, 5, 3],[[26, 3], [26, 5], [26, 4, 3]]
27,[2, 5, 10],[[27, 2], [27, 5], [27, 10]]
28,[2, 7, 13],[[28, 2], [28, 7], [28, 13]]
29,[5, 13, 3],[[29, 5], [29, 13], [29, 4, 3]]
30,[3, 7, 2],[[30, 3], [30, 7], [30, 0, 2]]
31,[10, 13, 2],[[31, 10], [31, 13], [31, 0, 2]]
32,[2, 3, 5],[[32, 2], [32, 3], [32, 5]]
33,[5, 13, 5],[[33, 5], [33, 13], [33, 1, 5]]
34,[5, 7, 5],[[34, 5], [34, 7], [34, 1, 5]]
35,[3, 5, 13],[[35, 3], [35, 5], [35, 13]]
36,[5, 7, 10],[[36, 5], [36, 7], [36, 10]]
37,[2, 10, 13],[[37, 2], [37, 10], [37, 13]]
38,[2, 10, 3],[[38, 0, 2], [38, 0, 10], [38, 4, 3]]
39,[2, 5, 7],[[39, 2], [39, 5], [39, 7]]
40,[7, 10, 13],[[40, 7], [40, 10], [40, 13]]
41,[2, 5, 13],[[41, 2], [41, 5], [41, 13]]
42,[2, 3, 5],[[42, 2], [42, 3], [42, 5]]
43,[5, 7, 13],[[43, 5], [43, 7], [43, 13]]
44,[2, 3, 13],[[44, 2], [44, 3], [44, 4, 13]]
45,[2, 3, 5],[[45, 2], [45, 3], [45, 5]]
46,[2, 7, 10],[[46, 2], [46, 7], [46, 10]]
47,[7, 10, 13],[[47, 7], [47, 10], [47, 13]]
48,[7, 2, 10],[[48, 7], [48, 17, 2], [48, 17, 10]]
49,[5, 10, 13],[[49, 5], [49, 10], [49, 13]]
50,[2, 10, 5],[[50, 2], [50, 10], [50, 8, 5]]
51,[2, 3, 7],[[51, 2], [51, 3], [51, 7]]
52,[2, 5, 7],[[52, 2], [52, 5], [52, 7]]
53,[10, 13, 5],[[53, 10], [53, 13], [53, 1, 5]]
54,[7, 13, 2],[[54, 7], [54, 13], [54, 0, 2]]
55,[3, 13, 2],[[55, 3], [55, 13], [55, 0, 2]]
56,[3, 5, 13],[[56, 3], [56, 5], [56, 13]]
57,[2, 5, 7],[[57, 2], [57, 5], [57, 7]]
58,[2, 7, 3],[[58, 2], [58, 7], [58, 4, 3]]
59,[2, 7, 5],[[59, 2], [59, 7], [59, 1, 5]]
60,[2, 3, 5],[[60, 2], [60, 3], [60, 5]]
61,[7, 10, 13],[[61, 7], [61, 10], [61, 13]]
62,[2, 5, 7],[[62, 2], [62, 5], [62, 7]]
63,[3, 10, 5],[[63, 3], [63, 10], [63, 1, 5]]
64,[2, 3, 5],[[64, 2], [64, 3], [64, 1, 5]]
65,[3, 10, 13],[[65, 3], [65, 10], [65, 13]]
66,[2, 10, 5],[[66, 2], [66, 0, 10], [66, 1, 5]]
67,[5, 7, 10],[[67, 5], [67, 1, 7], [67, 1, 10]]
68,[10, 2, 10],[[68, 10], [68, 0, 2], [68, 0, 10]]
69,[2, 3, 5],[[69, 2], [69, 3], [69, 5]]
70,[5, 7, 10],[[70, 1, 5], [70, 1, 7], [70, 1, 10]]
71,[5, 7, 10],[[71, 5], [71, 7], [71, 10]]
72,[2, 5, 7],[[72, 2], [72, 5], [72, 7]]
73,[2, 3, 13],[[73, 2], [73, 3], [73, 13]]
74,[2, 5, 2],[[74, 2], [74, 5], [74, 0, 2]]
75,[2, 3, 7],[[75, 2], [75, 3], [75, 7]]
76,[2, 7, 13],[[76, 2], [76, 7], [76, 13]]
77,[2, 7, 13],[[77, 2], [77, 7], [77, 13]]
78,[2, 7, 13],[[78, 2], [78, 7], [78, 13]]
79,[2, 5, 7],[[79, 2], [79, 6, 5], [79, 6, 7]]
80,[2, 7, 13],[[80, 2], [80, 7], [80, 13]]
81,[3, 5, 7],[[81, 3], [81, 5], [81, 7]]
82,[5, 10, 5],[[82, 5], [82, 10], [82, 1, 5]]
83,[2, 3, 7],[[83, 2], [83, 3], [83, 7]]
84,[2, 3, 13],[[84, 2], [84, 3], [84, 13]]
85,[2, 3, 5],[[85, 2], [85, 3], [85, 5]]
86,[7, 10, 13],[[86, 7], [86, 10], [86, 13]]
87,[2, 3, 5],[[87, 2], [87, 3], [87, 5]]
88,[3, 5, 7],[[88, 3], [88, 5], [88, 7]]
89,[2, 3, 5],[[89, 2], [89, 3], [89, 5]]
90,[2, 5, 7],[[90, 2], [90, 5], [90, 7]]
91,[2, 7, 5],[[91, 2], [91, 7], [91, 1, 5]]
92,[5, 7, 10],[[92, 5], [92, 7], [92, 10]]
93,[2, 3, 5],[[93, 2], [93, 3], [93, 5]]
94,[3, 5, 10],[[94, 3], [94, 5], [94, 10]]
95,[5, 13, 3],[[95, 5], [95, 13], [95, 4, 3]]
96,[2, 3, 10],[[96, 2], [96, 3], [96, 10]]
97,[2, 3, 5],[[97, 2], [97, 3], [97, 5]]
98,[3, 13, 3],[[98, 3], [98, 13], [98, 15, 3]]
99,[2, 3, 7],[[99, 2], [99, 3], [99, 7]]
