Node,nearest hospital,Path
0,0,[0]
1,1,[1]
2,2,[2]
469,469,[469]
6,6,[6]
385,385,[385]
3,3,[3]
380,380,[380]
37415,37415,[37415]
5,5,[5]
384,384,[384]
386,386,[386]
4,4,[4]
419,419,[419]
422,422,[422]
98,98,[98]
420,420,[420]
35698,35698,[35698]
183,183,[183]
423,423,[423]
470,470,[470]
35729,35729,[35729]
35709,35709,[35709]
7,7,[7]
8,8,[8]
9,7,[9, 7]
79,7,[79, 7]
33,33,[33]
10,10,[10]
84,84,[84]
78,80,[78, 80]
119,119,[119]
32,32,[32]
34,34,[34]
11,11,[11]
110,110,[110]
83,83,[83]
85,85,[85]
12,12,[12]
111,111,[111]
112,112,[112]
13,12,[13, 12]
95,95,[95]
108,12,[108, 12]
14,14,[14]
94,77,[94, 77]
109,109,[109]
113,113,[113]
123,97,[123, 97]
96,96,[96]
15,15,[15]
16,16,[16]
77,77,[77]
93,93,[93]
17,16,[17, 16]
18,18,[18]
3254,3254,[3254]
19,19,[19]
3255,3254,[3255, 3254]
36971,36971,[36971]
20,20,[20]
23,23,[23]
21,21,[21]
22,22,[22]
24,23,[24, 23]
25,25,[25]
26,26,[26]
27,27,[27]
28,28,[28]
29,29,[29]
30,30,[30]
31,31,[31]
3247,3247,[3247]
3253,3253,[3253]
35943,35943,[35943]
3246,3246,[3246]
3248,3248,[3248]
3249,3249,[3249]
3204,3204,[3204]
35950,35950,[35950]
2203,32,[2203, 32]
3252,3252,[3252]
3257,3257,[3257]
2146,2146,[2146]
2204,2204,[2204]
35,35,[35]
36,36,[36]
50,50,[50]
1199,35,[1199, 35]
37,37,[37]
35885,35885,[35885]
1645159,36,[1645159, 36]
49,49,[49]
185,185,[185]
1198,1198,[1198]
1205,1205,[1205]
38,38,[38]
1641586,37,[1641586, 37]
35884,35884,[35884]
1645157,35885,[1645157, 35885]
1645156,36,[1645156, 1645159, 36]
1648644,36,[1648644, 1645159, 36]
39,39,[39]
1633418,37,[1633418, 1641586, 37]
40,40,[40]
1641587,39,[1641587, 39]
41,41,[41]
1641577,40,[1641577, 40]
1641576,39,[1641576, 1641587, 39]
1641606,39,[1641606, 1641587, 39]
42,42,[42]
1641355,41,[1641355, 41]
1641363,40,[1641363, 1641577, 40]
43,42,[43, 42]
1639779,42,[1639779, 42]
1628954,41,[1628954, 1641355, 41]
1639780,41,[1639780, 1641355, 41]
44,44,[44]
45,45,[45]
1542024,44,[1542024, 44]
46,46,[46]
1154,45,[1154, 45]
1538392,45,[1538392, 45]
1542023,44,[1542023, 1542024, 44]
1639781,44,[1639781, 1542024, 44]
47,47,[47]
27108,27108,[27108]
27325,27325,[27325]
1153,1153,[1153]
1155,1155,[1155]
1538362,45,[1538362, 1538392, 45]
1538390,45,[1538390, 1538392, 45]
1538391,45,[1538391, 1538392, 45]
48,48,[48]
27107,27108,[27107, 27108]
27250,27250,[27250]
27323,27323,[27323]
27335,27335,[27335]
27343,27343,[27343]
184,184,[184]
27342,27342,[27342]
35887,35887,[35887]
39411,39411,[39411]
35886,35886,[35886]
52,52,[52]
53,53,[53]
54,54,[54]
4152,4152,[4152]
223,223,[223]
225,225,[225]
4120,4120,[4120]
4148,4148,[4148]
4153,4153,[4153]
4156,4156,[4156]
224,224,[224]
3937,3937,[3937]
4113,4113,[4113]
4114,4114,[4114]
4154,4154,[4154]
55,55,[55]
56,56,[56]
57,57,[57]
1068,55,[1068, 55]
1099,1099,[1099]
76,76,[76]
1069,1069,[1069]
58,58,[58]
1071,1071,[1071]
1072,57,[1072, 57]
1096,1096,[1096]
1116,1116,[1116]
36235,36235,[36235]
74,74,[74]
1075,1075,[1075]
59,59,[59]
1089,58,[1089, 58]
32419,32419,[32419]
1070,1070,[1070]
1098,1098,[1098]
1110,1110,[1110]
60,60,[60]
61,61,[61]
62,62,[62]
171,171,[171]
172,172,[172]
63,63,[63]
64,64,[64]
339,339,[339]
65,65,[65]
2220,2220,[2220]
338,339,[338, 339]
341,341,[341]
36187,36187,[36187]
66,66,[66]
2155,2155,[2155]
2157,2157,[2157]
2219,2219,[2219]
2221,2221,[2221]
67,66,[67, 66]
68,68,[68]
2254,2254,[2254]
2156,2156,[2156]
2158,2158,[2158]
2161,2161,[2161]
69,69,[69]
70,70,[70]
2251,2251,[2251]
2252,2252,[2252]
71,71,[71]
1052,70,[1052, 70]
72,72,[72]
1049,1049,[1049]
1050,1050,[1050]
2256,2178,[2256, 2178]
2258,2258,[2258]
73,72,[73, 72]
1048,1048,[1048]
75,75,[75]
1073,1073,[1073]
1076,1075,[1076, 1075]
80,80,[80]
455,455,[455]
81,81,[81]
105,105,[105]
454,454,[454]
116,116,[116]
118,118,[118]
342,342,[342]
82,82,[82]
104,104,[104]
107,107,[107]
124,124,[124]
114,114,[114]
86,86,[86]
87,87,[87]
88,88,[88]
128,128,[128]
315,315,[315]
97,97,[97]
134,134,[134]
89,89,[89]
146,146,[146]
129,129,[129]
452,452,[452]
135,135,[135]
316,316,[316]
90,90,[90]
91,91,[91]
92,92,[92]
133,133,[133]
132,132,[132]
139,139,[139]
410,410,[410]
471,471,[471]
35881,35881,[35881]
35728,35728,[35728]
99,99,[99]
100,99,[100, 99]
101,101,[101]
136,136,[136]
6790,6790,[6790]
103,103,[103]
137,137,[137]
6760,6760,[6760]
102,102,[102]
6771,6771,[6771]
421,421,[421]
6792,6792,[6792]
6805,6805,[6805]
6791,6791,[6791]
6802,6802,[6802]
6713,103,[6713, 103]
6748,6748,[6748]
6764,6764,[6764]
6757,6757,[6757]
6733,102,[6733, 102]
6738,6738,[6738]
6772,6772,[6772]
6722,6724,[6722, 6724]
6734,6734,[6734]
6736,6736,[6736]
6737,6737,[6737]
6765,6765,[6765]
6711,6703,[6711, 6703]
6714,6714,[6714]
6717,6718,[6717, 6718]
6747,6747,[6747]
6759,6759,[6759]
106,106,[106]
151,151,[151]
150,150,[150]
152,151,[152, 151]
115,115,[115]
117,117,[117]
120,120,[120]
169,169,[169]
122,122,[122]
121,121,[121]
170,170,[170]
36184,122,[36184, 122]
453,453,[453]
340,340,[340]
36185,36185,[36185]
125,125,[125]
126,126,[126]
127,127,[127]
176,176,[176]
355,355,[355]
383,383,[383]
354,126,[354, 126]
353,353,[353]
443,443,[443]
381,381,[381]
153,153,[153]
155,155,[155]
37498,37498,[37498]
356,356,[356]
358,358,[358]
442,442,[442]
130,130,[130]
154,129,[154, 129]
444,444,[444]
145,145,[145]
41762,41762,[41762]
131,130,[131, 130]
359,444,[359, 444]
36966,36966,[36966]
41761,41761,[41761]
138,138,[138]
387,387,[387]
6770,6770,[6770]
6793,6793,[6793]
6797,6797,[6797]
6763,6763,[6763]
6766,6766,[6766]
388,388,[388]
140,140,[140]
141,141,[141]
142,142,[142]
391,391,[391]
389,389,[389]
392,388,[392, 388]
390,390,[390]
143,143,[143]
144,144,[144]
177,143,[177, 143]
178,144,[178, 144]
186,186,[186]
187,187,[187]
41763,41763,[41763]
147,147,[147]
148,148,[148]
149,149,[149]
166,166,[166]
167,167,[167]
168,168,[168]
317,149,[317, 149]
162,162,[162]
36963,36963,[36963]
303,303,[303]
318,318,[318]
357,357,[357]
156,156,[156]
157,157,[157]
158,158,[158]
1057,1057,[1057]
175,175,[175]
1093,1093,[1093]
159,158,[159, 158]
1058,1058,[1058]
173,173,[173]
160,160,[160]
1056,1056,[1056]
161,161,[161]
36965,36965,[36965]
1055,1055,[1055]
36964,36964,[36964]
163,163,[163]
164,164,[164]
165,165,[165]
174,174,[174]
314,314,[314]
179,179,[179]
180,180,[180]
181,181,[181]
425,425,[425]
42066,179,[42066, 179]
379,379,[379]
434,434,[434]
182,182,[182]
426,426,[426]
35695,35695,[35695]
424,424,[424]
42067,42067,[42067]
42074,42074,[42074]
435,379,[435, 379]
460,460,[460]
42076,42076,[42076]
35699,182,[35699, 182]
35696,35696,[35696]
35703,35703,[35703]
35746,35746,[35746]
35890,35890,[35890]
35891,35891,[35891]
35892,35892,[35892]
35895,35895,[35895]
312,312,[312]
41764,41764,[41764]
188,188,[188]
189,189,[189]
190,190,[190]
369,369,[369]
191,191,[191]
193,193,[193]
351,351,[351]
367,367,[367]
368,368,[368]
441,191,[441, 191]
360,360,[360]
440,440,[440]
192,192,[192]
195,195,[195]
461,193,[461, 193]
350,350,[350]
371,371,[371]
194,192,[194, 192]
201,201,[201]
203,203,[203]
375,375,[375]
202,201,[202, 201]
352,352,[352]
462,462,[462]
373,373,[373]
374,374,[374]
42079,42079,[42079]
196,196,[196]
197,197,[197]
198,198,[198]
7178,7178,[7178]
200,197,[200, 197]
23401,197,[23401, 197]
199,198,[199, 198]
15697,15697,[15697]
7176,7176,[7176]
7179,7179,[7179]
503,503,[503]
24015,24015,[24015]
7332,7332,[7332]
15686,15686,[15686]
205,205,[205]
372,372,[372]
204,204,[204]
206,206,[206]
213,204,[213, 204]
209,209,[209]
207,207,[207]
433,433,[433]
211,211,[211]
212,212,[212]
208,208,[208]
344,344,[344]
432,432,[432]
260,260,[260]
343,343,[343]
210,210,[210]
235,235,[235]
227,212,[227, 212]
230,230,[230]
236,236,[236]
41752,41752,[41752]
370,370,[370]
41755,41755,[41755]
229,229,[229]
261,261,[261]
226,226,[226]
234,234,[234]
214,214,[214]
215,215,[215]
216,216,[216]
309,309,[309]
308,308,[308]
310,310,[310]
311,311,[311]
313,313,[313]
307,307,[307]
36178,36178,[36178]
